           0  1.239905661414109E-006  8.866916972734233E-007
           1  3.872383463609770E-004  1.134593125889215E-006
           2  1.317203647401110E-004  3.858928611667020E-007
           3  4.553914374414279E-005  1.626589783063823E-007
           4  1.606118887692286E-005  6.818695467519257E-008
           5  5.732120429022507E-006  2.981600402686933E-008
           6  2.076504639086002E-006  1.115566604509073E-008
           7  7.586651366332865E-007  3.648088630206659E-009
           8  2.782507296209146E-007  1.399262963467437E-009
           9  1.026606135615133E-007  5.015864812244322E-010
          10  3.794963330655625E-008  2.014177706248590E-010
          11  1.406636003278941E-008  7.024248283398826E-011
          12  5.215411835340835E-009  2.725357376936235E-011
          13  1.942044772941584E-009  1.061076912489557E-011
          14  7.243652143690540E-010  4.424737339783790E-012
          15  2.694602641036453E-010  1.718712860378238E-012
          16  1.005297967881460E-010  5.961464835657963E-013
          17  3.741669026885315E-011  2.401748621789748E-013
          18  1.395771226825401E-011  8.968030935372804E-014
          19  5.215233221537137E-012  3.549325472009800E-014
          20  1.947914345723211E-012  1.423305775516749E-014
          21  7.313577345416923E-013  5.869450201005512E-015
          22  2.737391038153369E-013  2.283637756839231E-015
          23  1.023411289196698E-013  9.155258626422451E-016
          24  3.828683331780178E-014  3.656848520561486E-016
          25  1.430133976879442E-014  1.357431256391366E-016
          26  5.348560517637411E-015  5.132987351370883E-017
          27  2.000052870311947E-015  1.995635468720195E-017
          28  7.455084268871830E-016  7.712113643963166E-018
          29  2.783288922320209E-016  3.127398396007609E-018
