           0 -8.010738114281362E-007  3.897031165064444E-006
           1  2.469642039083151E-003  5.179328910232173E-006
           2  8.274379266502656E-004  1.758796282456628E-006
           3  2.706492900493072E-004  6.524684203429492E-007
           4  9.014674415718229E-005  2.525597127018384E-007
           5  3.065933687934625E-005  9.863407487294906E-008
           6  1.064303944774068E-005  3.721365867496102E-008
           7  3.760783650748129E-006  1.398172229845340E-008
           8  1.346020839776719E-006  5.478570366287589E-009
           9  4.861709161577365E-007  2.000721766900727E-009
          10  1.769118383251155E-007  7.351538383663170E-010
          11  6.477389915649442E-008  2.708146154818954E-010
          12  2.383526076674469E-008  1.063597102753387E-010
          13  8.802430920806023E-009  4.016869810490053E-011
          14  3.259283020445243E-009  1.589758002751645E-011
          15  1.208701579138219E-009  6.191271098168377E-012
          16  4.491783472577022E-010  2.433130572109162E-012
          17  1.671661391820498E-010  9.471892213775318E-013
          18  6.233567169140875E-011  3.699587864668584E-013
          19  2.327030105981407E-011  1.414631796146083E-013
          20  8.687073407529462E-012  5.516456661722329E-014
          21  3.248922167064330E-012  2.242741944011040E-014
          22  1.214323936036081E-012  8.961518994348581E-015
          23  4.535994461700523E-013  3.586886845880225E-015
          24  1.693640514790100E-013  1.393824167234994E-015
          25  6.323042524690001E-014  5.295451263576580E-016
          26  2.362363829986538E-014  2.003655888508442E-016
          27  8.833368658634384E-015  7.557155674669095E-017
          28  3.303174413909490E-015  2.884781015013144E-017
          29  1.234100687052365E-015  1.102945668818029E-017
