           0  -4.08792808525839       4.955953919322814E-004
           1  0.196167238884519       9.248172002294761E-005
           2  2.974540737140725E-002  2.079139735979973E-005
           3  5.367369154979057E-003  5.071695727034830E-006
           4  1.172215376988539E-003  1.353301204315695E-006
           5  2.985575262514524E-004  4.723653793398401E-007
           6  8.541792672819136E-005  2.050618435593087E-007
           7  2.643672273000708E-005  7.726806217495873E-008
           8  8.650111699266929E-006  3.006726904841015E-008
           9  2.939951548720003E-006  1.042894805924867E-008
          10  1.026405587142942E-006  4.425645108696232E-009
          11  3.648505464998698E-007  1.584833879344175E-009
          12  1.314064303667828E-007  6.554879514122482E-010
          13  4.773391643329218E-008  2.469597028566164E-010
          14  1.749268390172057E-008  1.034957249785453E-010
          15  6.425584394186432E-009  3.930106486688063E-011
          16  2.374957716820204E-009  1.606669982955949E-011
          17  8.787955559384123E-010  6.102375500178311E-012
          18  3.266847912504088E-010  2.524441305226447E-012
          19  1.217659527011399E-010  9.596427705119225E-013
          20  4.545593444492125E-011  3.679439196825322E-013
          21  1.691074045078566E-011  1.438299947619220E-013
          22  6.318306016267107E-012  5.519086756695890E-014
          23  2.359190656011812E-012  2.073048750791733E-014
          24  8.790602659548606E-013  8.000311203297918E-015
          25  3.282509616994379E-013  3.297045295050915E-015
          26  1.228593272664749E-013  1.209879892135848E-015
          27  4.586800393276427E-014  4.702898406434043E-016
          28  1.720285805374022E-014  1.709399382134729E-016
          29  6.456206291163618E-015  6.847893826393443E-017
