           0 -9.718237647346515E-006  1.626482970242175E-005
           1  3.166772463178946E-003  8.646016852743464E-006
           2  1.152860703463374E-003  3.467830859409888E-006
           3  4.034792564696908E-004  1.387496013060781E-006
           4  1.418441200695830E-004  5.321521570318985E-007
           5  5.017457333764539E-005  2.387017285829069E-007
           6  1.797206853192096E-005  9.194270433575148E-008
           7  6.507401905967277E-006  3.927432174360582E-008
           8  2.367993639009904E-006  1.484688686256917E-008
           9  8.685855731825442E-007  5.382776246284230E-009
          10  3.195624804807504E-007  1.942832122186127E-009
          11  1.179752329397461E-007  7.273580422188390E-010
          12  4.371229108268485E-008  2.588214797167703E-010
          13  1.625217847544475E-008  1.022760394104621E-010
          14  6.045059001149955E-009  3.956088689537582E-011
          15  2.244756927092318E-009  1.565052059928171E-011
          16  8.360242669763586E-010  6.124316243160630E-012
          17  3.115667746244183E-010  2.449902783220612E-012
          18  1.165432850411341E-010  9.969095178321799E-013
          19  4.353502358040990E-011  3.779673335745910E-013
          20  1.622933086944262E-011  1.549450424273241E-013
          21  6.070124164908963E-012  6.378759801142405E-014
          22  2.266259735704423E-012  2.513920115231110E-014
          23  8.473998577003517E-013  9.801555092663847E-015
          24  3.171802086541720E-013  3.761557320515602E-015
          25  1.183794549871141E-013  1.445927436218108E-015
          26  4.420849550529336E-014  5.463332126496045E-016
          27  1.654153415580585E-014  2.078032896627191E-016
          28  6.194050270225786E-015  8.135822330008106E-017
          29  2.315667883945747E-015  3.265472447476009E-017
