           0  1.092423172792499E-006  3.626636901857005E-006
           1  3.171725097467058E-003  7.509453537868570E-006
           2  1.157091760868370E-003  2.647041172530058E-006
           3  4.053825375884020E-004  1.021744779411031E-006
           4  1.425721768238173E-004  4.195583948482490E-007
           5  5.052017247790563E-005  1.944905870214720E-007
           6  1.807151480449128E-005  8.119731803036115E-008
           7  6.545209931976291E-006  2.870398721253500E-008
           8  2.387583272394998E-006  1.123899322445503E-008
           9  8.759884428951947E-007  4.116953397897277E-009
          10  3.223814968782367E-007  1.684404434354981E-009
          11  1.190951541064795E-007  6.279638192614885E-010
          12  4.410011217458524E-008  2.418587715594194E-010
          13  1.636865309421450E-008  9.494790208771699E-011
          14  6.082065820689131E-009  3.573049729932377E-011
          15  2.265794511512003E-009  1.348111384988924E-011
          16  8.428752090075506E-010  5.134592611819842E-012
          17  3.141835295349088E-010  1.844135036231128E-012
          18  1.170507895068665E-010  7.175638426091457E-013
          19  4.378231852961723E-011  2.995344985556104E-013
          20  1.634378572627547E-011  1.153087209921250E-013
          21  6.118494086565398E-012  4.466522110671412E-014
          22  2.294505108475662E-012  1.793213305909624E-014
          23  8.581168344639944E-013  7.178694512371851E-015
          24  3.205486030231588E-013  2.926355494148678E-015
          25  1.197530628656825E-013  1.153444069361426E-015
          26  4.474398796389095E-014  4.331876970414290E-016
          27  1.672843907486744E-014  1.669695260045563E-016
          28  6.249419165929601E-015  6.295414418727248E-017
          29  2.332055354742866E-015  2.461547308130316E-017
