           0 -1.587736886142080E-003  5.750879430776267E-006
           1  2.198989915541983E-004  7.382346167994157E-007
           2  6.968930409116253E-005  2.934709597795761E-007
           3  2.202760038385251E-005  9.274077942381978E-008
           4  7.256624290258975E-006  3.390795626814378E-008
           5  2.462528684261162E-006  1.144191128330126E-008
           6  8.550887564281973E-007  4.368342772691856E-009
           7  3.020322960951395E-007  1.642574128268034E-009
           8  1.079997560316660E-007  5.759822672012332E-010
           9  3.892453717391497E-008  2.193682889061489E-010
          10  1.417820312693511E-008  8.544198305576857E-011
          11  5.184975823273517E-009  3.148343930836551E-011
          12  1.911713628803664E-009  1.324542636017501E-011
          13  7.068540712687656E-010  4.725127137967303E-012
          14  2.620935243914007E-010  1.786943529640499E-012
          15  9.726301504688903E-011  6.985436273105024E-013
          16  3.617181884297091E-011  2.638249817891061E-013
          17  1.344874142314175E-011  9.391279649609403E-014
          18  5.019087353273799E-012  3.576296695485321E-014
          19  1.870383981389274E-012  1.504245328256819E-014
          20  6.978535070069438E-013  5.856325285946020E-015
          21  2.603666401414822E-013  2.372863645621034E-015
          22  9.725188252695956E-014  8.739324041760873E-016
          23  3.625765932440917E-014  3.369774268692687E-016
          24  1.354594835235280E-014  1.339723504268914E-016
          25  5.059349496409284E-015  5.382298238992349E-017
          26  1.893715868171548E-015  1.897226663929124E-017
          27  7.077392812362637E-016  7.500125212961826E-018
          28  2.649577045690103E-016  2.834692798542869E-018
          29  9.930147990050269E-017  1.086617036889745E-018
