           0  1.728977914346348E-002  5.220422644266338E-005
           1  4.329262115905726E-003  1.077314911660752E-005
           2  1.547459703205177E-003  4.171726290648557E-006
           3  5.483701721001687E-004  1.578393621336611E-006
           4  1.957375064761258E-004  6.239315975859502E-007
           5  7.053370170824900E-005  2.465860715907424E-007
           6  2.562862055678202E-005  9.456294757757151E-008
           7  9.361688745817436E-006  3.667119616670501E-008
           8  3.436264649459407E-006  1.373949038108463E-008
           9  1.268476613619025E-006  5.482576493210600E-009
          10  4.688855559526801E-007  2.285866263146541E-009
          11  1.739238688779792E-007  9.210705159270344E-010
          12  6.462465748220332E-008  3.671263357550305E-010
          13  2.404328051150813E-008  1.423580834761364E-010
          14  8.957684813980641E-009  5.443355806515892E-011
          15  3.339139364392254E-009  2.099764469269630E-011
          16  1.246517438503593E-009  8.015802145833117E-012
          17  4.651980966489563E-010  2.981069800435128E-012
          18  1.736478191753364E-010  1.140719642519161E-012
          19  6.481860381239337E-011  4.474803979505523E-013
          20  2.422392915004461E-011  1.729382425077937E-013
          21  9.059759280925702E-012  6.689929973996365E-014
          22  3.388517055692078E-012  2.558319484516928E-014
          23  1.265924252245272E-012  9.623230399182925E-015
          24  4.729846180556018E-013  3.564150474326814E-015
          25  1.768326590323692E-013  1.287961464273503E-015
          26  6.607530744883426E-014  4.845383758470010E-016
          27  2.472893373506219E-014  1.843322230924715E-016
          28  9.257534368490447E-015  6.794279759865126E-017
          29  3.471544063059401E-015  2.539120361964240E-017
