           0 -9.268069497868672E-003  1.610837139333358E-005
           1  1.880681859121624E-003  3.142367946774374E-006
           2  6.561284895938366E-004  1.261110254586611E-006
           3  2.086958518132969E-004  4.586433825670571E-007
           4  6.695801772124474E-005  1.626824716540389E-007
           5  2.201992065157264E-005  6.717604397679580E-008
           6  7.418761739917328E-006  3.016250370656993E-008
           7  2.553953522086898E-006  1.060598659039957E-008
           8  8.952560285659119E-007  4.264583546874286E-009
           9  3.179982765286354E-007  1.492950207485635E-009
          10  1.143524313862446E-007  5.551725078360650E-010
          11  4.136716130520769E-008  2.124907941157652E-010
          12  1.510483838646187E-008  8.465501334038064E-011
          13  5.551684882120631E-009  3.279496390596840E-011
          14  2.046717289892262E-009  1.381631472768741E-011
          15  7.566662617350642E-010  5.161951244809325E-012
          16  2.813199001133568E-010  2.049039640714919E-012
          17  1.044392981755805E-010  8.070758507554838E-013
          18  3.879964369034326E-011  3.321271373840156E-013
          19  1.446654640911876E-011  1.203239356354655E-013
          20  5.405090218959199E-012  4.399062623473728E-014
          21  2.014344047967448E-012  1.750751917011207E-014
          22  7.523786008319505E-013  6.471276236967813E-015
          23  2.811163192535217E-013  2.502086356713232E-015
          24  1.046426719261509E-013  1.066939920333779E-015
          25  3.922293116144984E-014  4.501593227044964E-016
          26  1.467543403378962E-014  1.595011234527558E-016
          27  5.482484569105383E-015  5.951158214512024E-017
          28  2.057335736500655E-015  2.161575463754914E-017
          29  7.720028097376387E-016  8.801266127099026E-018
