           0 -1.369702076510567E-004  1.685604038291299E-004
           1  0.133939737538828       6.712796923962883E-005
           2  2.223019776753842E-002  2.206638240755452E-005
           3  4.566610606081497E-003  7.016803852344761E-006
           4  1.133387241325202E-003  2.215546932518050E-006
           5  3.218200109088605E-004  8.185135670342775E-007
           6  1.000110417115197E-004  3.158084750760626E-007
           7  3.298204463746739E-005  1.309619570336963E-007
           8  1.130126792274238E-005  5.334119357365930E-008
           9  3.966881770025538E-006  2.051083970246317E-008
          10  1.416656469617210E-006  7.728011011449769E-009
          11  5.120309051529890E-007  2.871180403991492E-009
          12  1.867120738950100E-007  1.054754216744396E-009
          13  6.853281980940952E-008  3.969540171928040E-010
          14  2.526469268426119E-008  1.503591097502373E-010
          15  9.340980753830407E-009  5.641843113234597E-011
          16  3.460999108957917E-009  2.218785546462881E-011
          17  1.285728043783806E-009  8.853799640624901E-012
          18  4.787098122415114E-010  3.515688165920455E-012
          19  1.784926440097847E-010  1.360994191226129E-012
          20  6.657196569248096E-011  5.387548151864373E-013
          21  2.486538539256774E-011  2.179100344704489E-013
          22  9.284092900425565E-012  8.867426756657166E-014
          23  3.465699537927094E-012  3.543337757938462E-014
          24  1.293761950869185E-012  1.390309940949975E-014
          25  4.830909532165259E-013  5.440749725126470E-015
          26  1.803893758415916E-013  2.089455378424454E-015
          27  6.740460385753866E-014  8.096640469985365E-016
          28  2.519295193174792E-014  3.150126092623241E-016
          29  9.406695001893179E-015  1.238134077168846E-016
