           0  4.073355991332902E-005  1.366971431087192E-004
           1  0.133976344850601       4.918810386870167E-005
           2  2.224692089447671E-002  1.508015919008499E-005
           3  4.574386913694598E-003  5.019230491675228E-006
           4  1.137266914804978E-003  1.384845577391753E-006
           5  3.233218870495669E-004  4.456933429999864E-007
           6  1.004430419491656E-004  1.742910691687640E-007
           7  3.314150328957276E-005  6.234325596019949E-008
           8  1.136861711690841E-005  3.061792158528603E-008
           9  3.993184571297404E-006  1.190492753813917E-008
          10  1.425609630604250E-006  4.763878963394211E-009
          11  5.154612789015060E-007  1.793610037873581E-009
          12  1.877442325535936E-007  6.954851655597096E-010
          13  6.891361372653144E-008  2.876175430469467E-010
          14  2.538289938539484E-008  1.057589808690005E-010
          15  9.395947467529086E-009  4.115363203432116E-011
          16  3.477988687253553E-009  1.568228469542470E-011
          17  1.291709668043120E-009  5.924990314101929E-012
          18  4.795803717627590E-010  2.282742613800632E-012
          19  1.791016965595715E-010  8.761189185225634E-013
          20  6.675917654116619E-011  3.180268545101852E-013
          21  2.495398319461102E-011  1.279909274086715E-013
          22  9.340109423335832E-012  5.912492008889929E-014
          23  3.490107631163087E-012  2.541941986232528E-014
          24  1.303619009131123E-012  1.056003765340816E-014
          25  4.873691311417135E-013  4.217965462100214E-015
          26  1.822871136114969E-013  1.637925540823731E-015
          27  6.810155164418493E-014  6.226744103821507E-016
          28  2.544310581595601E-014  2.392060696790595E-016
          29  9.496091789305344E-015  9.153606220037918E-017
