           0  4.905293446456518E-003  2.265683803141953E-005
           1  9.362396643818474E-004  4.639952797991160E-006
           2  3.323521176206745E-004  1.762765847902727E-006
           3  1.198179966825649E-004  6.089563930270423E-007
           4  4.372144811378404E-005  2.199946913645988E-007
           5  1.607204607344936E-005  8.349293023413089E-008
           6  5.927577562320015E-006  3.128218660043140E-008
           7  2.190888906276347E-006  1.186898717151131E-008
           8  8.129405251730517E-007  4.683275359040900E-009
           9  3.024673982561263E-007  1.858062111991534E-009
          10  1.124947646659991E-007  7.590487633670219E-010
          11  4.189743960068555E-008  2.983416689763400E-010
          12  1.560872275573752E-008  1.159924220479720E-010
          13  5.832165976466437E-009  4.464417686733327E-011
          14  2.176152659163384E-009  1.681021446854625E-011
          15  8.127505374391940E-010  6.390467711722048E-012
          16  3.038279353386050E-010  2.380566421202128E-012
          17  1.135735375987443E-010  9.075282169122079E-013
          18  4.242225310284824E-011  3.507644861280058E-013
          19  1.583062462783580E-011  1.340312322921225E-013
          20  5.918414087298468E-012  5.083527036987485E-014
          21  2.215814438910789E-012  1.945438763616207E-014
          22  8.286885364007164E-013  7.248620163948627E-015
          23  3.095023078389210E-013  2.667269571840703E-015
          24  1.158542992101313E-013  9.914117507714148E-016
          25  4.333839107192803E-014  3.691036058726168E-016
          26  1.620410647482069E-014  1.400098824434372E-016
          27  6.064192771023363E-015  5.159037254887856E-017
          28  2.269012310248091E-015  1.956513388865112E-017
          29  8.511717103015603E-016  7.308065841944128E-018
