           0  1.460485420416935E-007  5.291576931546525E-006
           1  2.283914327618182E-003  3.651987661752513E-006
           2  7.668686598962257E-004  1.020342061039374E-006
           3  2.510553150235050E-004  4.362450566989356E-007
           4  8.346687210536799E-005  1.705533958755856E-007
           5  2.829137224462374E-005  6.320037333457992E-008
           6  9.811894491470993E-006  2.492744928860640E-008
           7  3.460645335596707E-006  9.278919800525419E-009
           8  1.237219086500244E-006  3.924068299304053E-009
           9  4.470423157281987E-007  1.368572987426118E-009
          10  1.626763455650825E-007  5.060761032715103E-010
          11  5.957185768550197E-008  1.789862580313568E-010
          12  2.187565971131566E-008  6.890252536963125E-011
          13  8.090481842106813E-009  3.071740803367478E-011
          14  2.998930971071503E-009  1.450593880604906E-011
          15  1.112117673653487E-009  5.946412012904204E-012
          16  4.130953734336228E-010  1.992613982633769E-012
          17  1.535104961277816E-010  7.733204765043252E-013
          18  5.706195920595756E-011  3.053107595072982E-013
          19  2.130507669924953E-011  1.043700158695789E-013
          20  7.948417464016100E-012  4.338811359847612E-014
          21  2.976750337197504E-012  1.814281633371366E-014
          22  1.112496802985134E-012  7.878138168085942E-015
          23  4.157340240499562E-013  3.320138430179101E-015
          24  1.556194994935144E-013  1.357827007580623E-015
          25  5.816918185916377E-014  5.245028679730242E-016
          26  2.177670923071133E-014  1.965918350291273E-016
          27  8.141669012675482E-015  7.523480061914626E-017
          28  3.037328384579093E-015  2.870347747198039E-017
          29  1.135667505626684E-015  1.140924942495579E-017
