           0 -6.613277332310449E-007  1.610381002891370E-006
           1  4.200902426591547E-004  3.686763470881155E-007
           2  1.428400416024361E-004  1.844324389424337E-007
           3  4.941671115317931E-005  6.393505184647384E-008
           4  1.744052652158397E-005  3.136057640661863E-008
           5  6.233386618380575E-006  1.110733625126376E-008
           6  2.259454476405337E-006  4.846981189136817E-009
           7  8.249362879675540E-007  2.138034949426403E-009
           8  3.024812465958207E-007  9.092164217514752E-010
           9  1.115307294163089E-007  3.699954062235304E-010
          10  4.118299214654028E-008  1.454295302746224E-010
          11  1.525092126368460E-008  5.910642810199520E-011
          12  5.663586012810546E-009  2.424065985079883E-011
          13  2.109741030891528E-009  9.960574022360649E-012
          14  7.855612599063821E-010  3.912135537512732E-012
          15  2.922505701166032E-010  1.419219406771090E-012
          16  1.089870870022904E-010  5.471558346730704E-013
          17  4.064716857748408E-011  2.215487116604542E-013
          18  1.522451828503818E-011  8.440573873862954E-014
          19  5.688212567807215E-012  3.257173777773114E-014
          20  2.124538502977131E-012  1.222775848169202E-014
          21  7.954380847079181E-013  4.836763962378806E-015
          22  2.968670035047466E-013  1.869365269656750E-015
          23  1.110423585584653E-013  6.719048120738118E-016
          24  4.153531062599164E-014  2.644727070046751E-016
          25  1.550275021282110E-014  1.052902412215226E-016
          26  5.799789548527270E-015  4.244711392362302E-017
          27  2.170507236888546E-015  1.647159942143480E-017
          28  8.125310246473545E-016  6.539545458941310E-018
          29  3.035311178217604E-016  2.525315994504524E-018
