           0  1.731079178821309E-002  4.035745414175603E-005
           1  4.331777545560913E-003  1.149463384373660E-005
           2  1.548205950434685E-003  5.023635644545076E-006
           3  5.489056679428068E-004  1.862212803859129E-006
           4  1.959564661401015E-004  6.826983819926665E-007
           5  7.062185044482528E-005  2.766790141083847E-007
           6  2.563192860702579E-005  1.037113456106854E-007
           7  9.365082956857362E-006  3.952821014921331E-008
           8  3.439911839773799E-006  1.529604739414722E-008
           9  1.268404763852903E-006  5.837828350075037E-009
          10  4.691551206126487E-007  2.302906853003209E-009
          11  1.738986038483476E-007  9.531230908205237E-010
          12  6.457976581132836E-008  3.845333526138449E-010
          13  2.404548481830153E-008  1.503146757376508E-010
          14  8.955410035920023E-009  5.864947752785858E-011
          15  3.341834060459616E-009  2.205140884081474E-011
          16  1.247000643160093E-009  8.341667658862396E-012
          17  4.653817081531253E-010  3.206382196767706E-012
          18  1.736514359298129E-010  1.255487384165841E-012
          19  6.481564499401965E-011  4.918403833989502E-013
          20  2.421613352381438E-011  1.884858355444321E-013
          21  9.051753154608017E-012  7.241009154631236E-014
          22  3.384897413636433E-012  2.767860855702850E-014
          23  1.264423281719997E-012  1.038425381972130E-014
          24  4.727697494392406E-013  3.942905709280271E-015
          25  1.768217135897529E-013  1.470425256156054E-015
          26  6.610981890302551E-014  5.497257709632343E-016
          27  2.472570657368815E-014  2.018181499997989E-016
          28  9.253207660011454E-015  7.785644116256132E-017
          29  3.469459059111648E-015  2.953331424182432E-017
