           0 -9.731055840763767E-003  2.221412762428912E-005
           1  2.047167135128151E-003  5.000020420742293E-006
           2  7.079965825695225E-004  1.871401009812372E-006
           3  2.245994157618663E-004  6.865056359101708E-007
           4  7.204075407659062E-005  2.641007599489428E-007
           5  2.365174199492924E-005  8.934322769208236E-008
           6  7.977544189722907E-006  3.544964583623731E-008
           7  2.743917411949401E-006  1.356952237021830E-008
           8  9.623273143268188E-007  5.053316301268684E-009
           9  3.420102814272555E-007  1.760961081455763E-009
          10  1.230802371988068E-007  6.613398497076796E-010
          11  4.467840274124718E-008  2.390965839425589E-010
          12  1.634669681407720E-008  9.575787809081431E-011
          13  6.005972486923042E-009  3.506607522930259E-011
          14  2.220031441019284E-009  1.389408273559020E-011
          15  8.210257793266250E-010  5.350329751551246E-012
          16  3.044026469468924E-010  2.093582811414715E-012
          17  1.129851231378594E-010  7.821304479661588E-013
          18  4.214638632954773E-011  2.867517960311407E-013
          19  1.572450924484136E-011  1.150193672414366E-013
          20  5.868215360461863E-012  4.526980101294528E-014
          21  2.187697524680015E-012  1.802690173426360E-014
          22  8.167841821824388E-013  7.129342649035345E-015
          23  3.045844057664619E-013  2.793578739249677E-015
          24  1.136055658207614E-013  1.090930161076565E-015
          25  4.241870840883262E-014  4.212923383310004E-016
          26  1.585994387436206E-014  1.518968617293911E-016
          27  5.923038401175151E-015  5.984319664051841E-017
          28  2.215968597753320E-015  2.216817035156368E-017
          29  8.307925209268924E-016  8.742539929218723E-018
