           0   1.19089464760363       2.892655584029663E-004
           1  0.100682927799036       4.930097946043160E-005
           2  1.856868702807343E-002  1.447086352174012E-005
           3  4.385360045276912E-003  4.976203652977424E-006
           4  1.230336775303283E-003  1.842973008401617E-006
           5  3.836709751741311E-004  7.356563992674431E-007
           6  1.274318235404155E-004  2.888478765788926E-007
           7  4.395326842307737E-005  1.137302832981026E-007
           8  1.552835674279809E-005  4.409324210362649E-008
           9  5.576202877750419E-006  1.713096329796616E-008
          10  2.023521770974734E-006  6.963927982727274E-009
          11  7.401783768227698E-007  2.888135735705472E-009
          12  2.723045414128747E-007  1.206601414788969E-009
          13  1.005767848728345E-007  4.816536757304868E-010
          14  3.726756057814521E-008  1.893302266608657E-010
          15  1.384191178022366E-008  7.281824523879579E-011
          16  5.149014526479931E-009  2.797137409751364E-011
          17  1.916803560841705E-009  1.056673224461162E-011
          18  7.141977059019789E-010  4.046671002216833E-012
          19  2.662617910641690E-010  1.580222831186233E-012
          20  9.935644499924696E-011  6.212089132152898E-013
          21  3.709760607420856E-011  2.436811306351170E-013
          22  1.385824951345946E-011  9.575461932952937E-014
          23  5.177036918401894E-012  3.692436070227426E-014
          24  1.933678960004666E-012  1.399211822697611E-014
          25  7.225775616087264E-013  5.209590789248104E-015
          26  2.699529890498209E-013  1.948239166010981E-015
          27  1.009250020552295E-013  7.318486857465266E-016
          28  3.775961616113667E-014  2.738748072746772E-016
          29  1.415416476198960E-014  1.038730343634514E-016
